4 93A 850.832321 1.106911
4 15A 816.916027 0.260155
4 14A 820.715995 0.259191
4 20A 828.125132 0.266649
4 11A 817.087801 0.259423
4 10A 817.046931 0.258863
4 39A 683.005158 0.759116
4 67A 525.729240 1.131270
4 38A 554.902402 0.385172
4 24A 553.534930 0.203674
4 43A 528.145934 0.808143
4 35A 557.627995 0.281392
4 88B 691.130798 1.053411
4 27B 698.446775 0.136189
4 10B 699.350941 0.125244
4 22B 698.930200 0.124785
4 10B 698.815839 0.123999
4 44B 698.862704 1.566740
4 30B 699.626163 0.135588
4 97A 995.810143 2.960757
4 65- 1731.052580 2.431505
4 57A 959.001765 1.483242
4 24A 948.557011 0.411051
4 26A 949.739960 0.408068
4 37- 1360.244089 1.327740

