5.055350553505535416e-01 8.413284132841328811e-01 9.261992619926199266e-01 1.000000000000000000e+00
4.501845018450184588e-01 8.081180811808118536e-01 9.077490774907749360e-01 1.000000000000000000e+00
6.715867158671586790e-01 9.151291512915129545e-01 9.852398523985239631e-01 1.000000000000000000e+00
7.592592592592593004e-01 9.222222222222222765e-01 9.555555555555556024e-01 9.629629629629629095e-01
5.851851851851851416e-01 8.666666666666666963e-01 9.592592592592592560e-01 9.777777777777777457e-01
4.518518518518518379e-01 6.592592592592592116e-01 7.074074074074073737e-01 8.148148148148147696e-01
4.370370370370370572e-01 6.407407407407407218e-01 6.925925925925925375e-01 7.185185185185185563e-01
5.111111111111110716e-01 6.703703703703703942e-01 7.259259259259259744e-01 7.629629629629629539e-01
4.148148148148148029e-01 5.999999999999999778e-01 6.518518518518519045e-01 6.703703703703703942e-01
4.423791821561338100e-01 6.245353159851301239e-01 6.728624535315984589e-01 7.100371747211895457e-01
4.014869888475836590e-01 5.687732342007435493e-01 6.208178438661710041e-01 6.654275092936803304e-01
4.535315985130111693e-01 6.728624535315984589e-01 7.026022304832714171e-01 7.509293680297397522e-01
3.680297397769516921e-01 5.873605947955390372e-01 6.505576208178438513e-01 7.137546468401486655e-01
3.791821561338289959e-01 5.539033457249070702e-01 6.133828996282527646e-01 6.765799256505575787e-01
3.828996282527881156e-01 5.353159851301114713e-01 5.947955390334572767e-01 6.654275092936803304e-01
2.750929368029739752e-01 5.241635687732342230e-01 6.133828996282527646e-01 6.505576208178438513e-01
2.518796992481203145e-01 5.037593984962406291e-01 5.902255639097744311e-01 6.466165413533834228e-01
3.157894736842105088e-01 5.488721804511278446e-01 6.127819548872180944e-01 7.669172932330826642e-01
2.781954887218044958e-01 4.473684210526315819e-01 5.263157894736841813e-01 6.165413533834586124e-01
3.270676691729323404e-01 4.924812030075187974e-01 5.714285714285713969e-01 6.541353383458646809e-01
2.781954887218044958e-01 4.398496240601503793e-01 5.187969924812030342e-01 6.992481203007518964e-01
2.105263157894736725e-01 4.323308270676691767e-01 5.225563909774436633e-01 6.804511278195488622e-01
2.330827067669172803e-01 3.796992481203007586e-01 5.037593984962406291e-01 6.315789473684210176e-01
2.255639097744360777e-01 4.285714285714285476e-01 5.075187969924812581e-01 6.428571428571429047e-01
2.631578947368420907e-01 4.548872180451127845e-01 5.225563909774436633e-01 6.278195488721804995e-01
1.992481203007518686e-01 3.458646616541353191e-01 4.849624060150375948e-01 5.827067669172932840e-01
1.804511278195488622e-01 3.571428571428571508e-01 5.000000000000000000e-01 6.165413533834586124e-01
1.917293233082706660e-01 3.421052631578947456e-01 4.736842105263157632e-01 6.503759398496240518e-01
1.622641509433962181e-01 3.169811320754716832e-01 4.452830188679245405e-01 5.924528301886792248e-01
2.226415094339622702e-01 4.075471698113207752e-01 5.358490566037735769e-01 6.679245283018867552e-01
2.339622641509433998e-01 4.188679245283019048e-01 4.943396226415094352e-01 6.037735849056603543e-01
2.150943396226415172e-01 3.509433962264150719e-01 4.603773584905660465e-01 6.150943396226414839e-01
1.849056603773584773e-01 3.660377358490565780e-01 4.452830188679245405e-01 5.773584905660377187e-01
1.628787878787878729e-01 3.712121212121212155e-01 4.810606060606060774e-01 5.871212121212121549e-01
1.628787878787878729e-01 3.636363636363636465e-01 4.659090909090908839e-01 6.022727272727272929e-01
1.363636363636363535e-01 3.219696969696969613e-01 4.318181818181818232e-01 6.098484848484848619e-01
1.553030303030303039e-01 3.219696969696969613e-01 4.507575757575757458e-01 5.871212121212121549e-01
1.450381679389312894e-01 3.053435114503816883e-01 3.854961832061068461e-01 5.496183206106870500e-01
1.379310344827586188e-01 2.950191570881225966e-01 4.214559386973180111e-01 5.862068965517240882e-01
1.877394636015325691e-01 3.984674329501915468e-01 4.904214559386972927e-01 5.900383141762451933e-01
1.570881226053639779e-01 3.371647509578544200e-01 4.636015325670498344e-01 6.206896551724138122e-01
1.595330739299610778e-01 2.957198443579766578e-01 4.046692607003891107e-01 5.564202334630350411e-01
1.328125000000000000e-01 2.929687500000000000e-01 3.671875000000000000e-01 5.351562500000000000e-01
1.456692913385826682e-01 3.307086614173228578e-01 4.133858267716535306e-01 5.511811023622047445e-01
2.094861660079051502e-01 3.596837944664031395e-01 4.664031620553359958e-01 6.126482213438735336e-01
1.195219123505976144e-01 3.266932270916334535e-01 4.462151394422310680e-01 6.215139442231075728e-01
1.314741035856573648e-01 3.067729083665338696e-01 3.824701195219123440e-01 5.498007968127489598e-01
1.767068273092369524e-01 3.453815261044176910e-01 4.136546184738955634e-01 5.421686746987951500e-01
1.686746987951807109e-01 3.534136546184739047e-01 4.497991967871485808e-01 6.064257028112449710e-01
1.405622489959839350e-01 2.931726907630521906e-01 4.297188755020080464e-01 5.983935742971887572e-01
1.895161290322580627e-01 3.427419354838709409e-01 4.717741935483871218e-01 6.491935483870967527e-01
1.417004048582996001e-01 3.036437246963562542e-01 4.372469635627530549e-01 6.153846153846154188e-01
1.417004048582996001e-01 3.400809716599190180e-01 4.655870445344129638e-01 6.153846153846154188e-01
1.747967479674796820e-01 3.658536585365853577e-01 4.796747967479674801e-01 6.219512195121951192e-01
1.265306122448979498e-01 3.020408163265306256e-01 4.408163265306122569e-01 6.040816326530612512e-01
1.598360655737705027e-01 3.688524590163934636e-01 4.549180327868852514e-01 6.065573770491803351e-01
1.680327868852458939e-01 2.786885245901639108e-01 3.975409836065573743e-01 5.286885245901639108e-01
2.098765432098765316e-01 3.374485596707819113e-01 4.444444444444444198e-01 5.802469135802469369e-01
1.810699588477366340e-01 3.497942386831275896e-01 4.691358024691357764e-01 6.131687242798353754e-01
1.659751037344398272e-01 3.485477178423236344e-01 4.564315352697095318e-01 6.348547717842323301e-01
1.749999999999999889e-01 2.750000000000000222e-01 3.875000000000000111e-01 5.875000000000000222e-01
1.499999999999999944e-01 3.291666666666666630e-01 4.541666666666666630e-01 6.125000000000000444e-01
1.338912133891213274e-01 2.803347280334728131e-01 4.100418410041841155e-01 5.732217573221757290e-01
1.680672268907563160e-01 3.319327731092436840e-01 4.411764705882352811e-01 6.176470588235294379e-01
1.729957805907172963e-01 3.797468354430380000e-01 5.105485232067510371e-01 6.371308016877637037e-01
1.330472103004291806e-01 3.090128755364807134e-01 4.120171673819742475e-01 6.309012875536480491e-01
1.508620689655172376e-01 3.189655172413793371e-01 4.568965517241379559e-01 6.293103448275861878e-01
1.471861471861471982e-01 3.593073593073592975e-01 4.805194805194805130e-01 6.060606060606060774e-01
1.359649122807017607e-01 2.982456140350877027e-01 4.254385964912280604e-01 6.622807017543859143e-01
1.637168141592920401e-01 3.451327433628318397e-01 4.734513274336283328e-01 6.327433628318583914e-01
1.866666666666666752e-01 3.599999999999999867e-01 4.622222222222222010e-01 6.266666666666667052e-01
1.973094170403587311e-01 3.811659192825112008e-01 4.977578475336322805e-01 6.412556053811658829e-01
2.162162162162162282e-01 3.783783783783783994e-01 5.000000000000000000e-01 6.666666666666666297e-01
1.756756756756756854e-01 3.648648648648648574e-01 4.729729729729729715e-01 6.216216216216216006e-01
1.357466063348416185e-01 3.438914027149321262e-01 4.298642533936651855e-01 5.746606334841628527e-01
2.237442922374429100e-01 3.926940639269406175e-01 4.794520547945205213e-01 6.301369863013698280e-01
1.574074074074074125e-01 3.379629629629629650e-01 4.583333333333333148e-01 6.435185185185184897e-01
1.596244131455399062e-01 3.568075117370891891e-01 4.741784037558685605e-01 6.384976525821596249e-01
1.857142857142857206e-01 4.095238095238095122e-01 5.285714285714285809e-01 6.428571428571429047e-01
1.835748792270531504e-01 3.478260869565217295e-01 4.879227053140096637e-01 6.280193236714975979e-01
1.951219512195122019e-01 4.097560975609755851e-01 5.121951219512195230e-01 7.024390243902438602e-01
2.000000000000000111e-01 4.099999999999999756e-01 5.250000000000000222e-01 6.600000000000000311e-01
2.020202020202020166e-01 4.444444444444444198e-01 5.454545454545454142e-01 7.020202020202019888e-01
2.081218274111675259e-01 4.162436548223350519e-01 5.583756345177665059e-01 6.751269035532995177e-01
2.153846153846153966e-01 4.256410256410256276e-01 5.384615384615384359e-01 7.179487179487179516e-01
1.917098445595854794e-01 4.041450777202072464e-01 5.336787564766839465e-01 6.994818652849741358e-01
2.010582010582010470e-01 3.862433862433862219e-01 5.291005291005290712e-01 7.354497354497354644e-01
1.729729729729729826e-01 4.378378378378378621e-01 5.621621621621621934e-01 7.621621621621621490e-01
1.912568306010928865e-01 3.934426229508196649e-01 5.300546448087432028e-01 6.939890710382513594e-01
1.868131868131868156e-01 4.560439560439560336e-01 5.494505494505494969e-01 7.417582417582417875e-01
2.099447513812154609e-01 4.419889502762430755e-01 5.635359116022099490e-01 6.850828729281768226e-01
2.513966480446927498e-01 4.692737430167597812e-01 5.810055865921788243e-01 7.374301675977653625e-01
2.090395480225988589e-01 4.237288135593220151e-01 5.367231638418079598e-01 7.062146892655367658e-01
1.885714285714285843e-01 4.057142857142856940e-01 5.600000000000000533e-01 7.085714285714285188e-01
2.057142857142857106e-01 4.571428571428571286e-01 5.828571428571428514e-01 7.428571428571428825e-01
2.571428571428571175e-01 4.914285714285714368e-01 6.171428571428571042e-01 7.485714285714285543e-01
2.138728323699422007e-01 4.277456647398844014e-01 5.722543352601155986e-01 7.687861271676300623e-01
3.063583815028901869e-01 5.260115606936416333e-01 6.531791907514450379e-01 7.861271676300578548e-01
2.485549132947976747e-01 5.144508670520231419e-01 6.358381502890173564e-01 7.514450867052022698e-01
2.485207100591715901e-01 5.029585798816568198e-01 6.627218934911243142e-01 7.573964497041419941e-01
2.155688622754491079e-01 4.071856287425149601e-01 5.449101796407185283e-01 7.485029940119760639e-01
2.000000000000000111e-01 4.242424242424242542e-01 5.515151515151515138e-01 7.878787878787878451e-01
2.515337423312883347e-01 5.153374233128834581e-01 6.012269938650306456e-01 7.546012269938650041e-01
2.341772151898734167e-01 5.379746835443037778e-01 6.392405063291138889e-01 7.911392405063291111e-01
2.468354430379746944e-01 4.810126582278481111e-01 6.012658227848101111e-01 7.468354430379746667e-01
1.910828025477707137e-01 4.777070063694267565e-01 5.923566878980891515e-01 7.707006369426752102e-01
1.666666666666666574e-01 4.487179487179487336e-01 5.897435897435897578e-01 7.692307692307692735e-01
2.450331125827814593e-01 5.629139072847682002e-01 6.754966887417218624e-01 8.013245033112582627e-01
1.917808219178082085e-01 4.589041095890410982e-01 5.547945205479452024e-01 6.986301369863013866e-01
2.500000000000000000e-01 5.000000000000000000e-01 6.180555555555555802e-01 7.847222222222222099e-01
2.237762237762237760e-01 4.685314685314685423e-01 6.363636363636363535e-01 7.832167832167832300e-01
2.554744525547445466e-01 5.109489051094890932e-01 6.496350364963503488e-01 7.080291970802919943e-01
2.348484848484848619e-01 5.075757575757575690e-01 6.363636363636363535e-01 8.333333333333333703e-01
2.480620155038759655e-01 4.651162790697674354e-01 6.201550387596899139e-01 7.674418604651163101e-01
2.338709677419354704e-01 4.919354838709677491e-01 5.806451612903226200e-01 7.741935483870967527e-01
2.377049180327868716e-01 4.426229508196721230e-01 6.393442622950820109e-01 7.704918032786884918e-01
2.148760330578512456e-01 4.793388429752066249e-01 5.785123966942148366e-01 7.933884297520661377e-01
2.773109243697479132e-01 5.462184873949579300e-01 6.386554621848739011e-01 7.815126050420168058e-01
3.017241379310344751e-01 5.344827586206896131e-01 6.293103448275861878e-01 7.586206896551723755e-01
2.521739130434782483e-01 4.782608695652174058e-01 6.521739130434782705e-01 7.391304347826086474e-01
3.303571428571428492e-01 5.446428571428570953e-01 6.785714285714286031e-01 8.035714285714286031e-01
2.636363636363636131e-01 4.909090909090909061e-01 6.454545454545455030e-01 8.090909090909090828e-01
2.685185185185185452e-01 5.462962962962962798e-01 6.851851851851852304e-01 8.148148148148147696e-01
3.301886792452830011e-01 5.377358490566037652e-01 6.509433962264150608e-01 7.735849056603774088e-01
2.571428571428571175e-01 5.333333333333333259e-01 6.571428571428571397e-01 7.714285714285714635e-01
2.621359223300970820e-01 5.436893203883494952e-01 6.116504854368931543e-01 7.766990291262135804e-01
2.524271844660194164e-01 4.951456310679611672e-01 6.310679611650485965e-01 7.669902912621359148e-01
3.900000000000000133e-01 6.199999999999999956e-01 7.299999999999999822e-01 8.399999999999999689e-01
2.783505154639175361e-01 4.948453608247422864e-01 6.804123711340206437e-01 8.041237113402062153e-01
1.979166666666666574e-01 4.687500000000000000e-01 6.458333333333333703e-01 7.812500000000000000e-01
2.421052631578947401e-01 6.210526315789474117e-01 7.473684210526315708e-01 8.631578947368421240e-01
3.763440860215053752e-01 6.129032258064516236e-01 6.881720430107527431e-01 8.387096774193548709e-01
2.921348314606741492e-01 5.505617977528090012e-01 7.415730337078652035e-01 8.426966292134830949e-01
4.090909090909091161e-01 6.363636363636363535e-01 7.272727272727272929e-01 8.181818181818182323e-01
3.218390804597701105e-01 5.517241379310344751e-01 6.781609195402298340e-01 8.160919540229885083e-01
1.839080459770114917e-01 4.367816091954023205e-01 5.287356321839080664e-01 7.241379310344827624e-01
1.904761904761904656e-01 4.285714285714285476e-01 5.714285714285713969e-01 7.142857142857143016e-01
4.024390243902439268e-01 6.585365853658536883e-01 7.804878048780488076e-01 8.292682926829267887e-01
2.658227848101265556e-01 5.063291139240506666e-01 6.202531645569620000e-01 7.848101265822784445e-01
2.894736842105263275e-01 5.657894736842105088e-01 6.710526315789473450e-01 7.894736842105263275e-01
2.533333333333333548e-01 5.466666666666666341e-01 6.933333333333333570e-01 7.866666666666666252e-01
3.150684931506849140e-01 5.205479452054794232e-01 6.575342465753424293e-01 7.534246575342465890e-01
2.857142857142856984e-01 5.000000000000000000e-01 5.714285714285713969e-01 7.142857142857143016e-01
2.753623188405797118e-01 6.231884057971014412e-01 6.521739130434782705e-01 7.971014492753623060e-01
2.941176470588235392e-01 5.735294117647058432e-01 7.205882352941176405e-01 8.529411764705882026e-01
3.484848484848485084e-01 6.060606060606060774e-01 6.818181818181817677e-01 8.181818181818182323e-01
2.812500000000000000e-01 5.000000000000000000e-01 6.875000000000000000e-01 8.437500000000000000e-01
2.666666666666666630e-01 5.166666666666667185e-01 6.666666666666666297e-01 8.833333333333333037e-01
2.931034482758620441e-01 6.034482758620689502e-01 7.068965517241379004e-01 9.310344827586206629e-01
2.631578947368420907e-01 6.140350877192982670e-01 7.368421052631578538e-01 8.070175438596490780e-01
3.859649122807017330e-01 7.017543859649122417e-01 8.070175438596490780e-01 9.473684210526315264e-01
2.631578947368420907e-01 4.561403508771929571e-01 5.964912280701754055e-01 8.421052631578946901e-01
1.818181818181818232e-01 5.090909090909090384e-01 6.909090909090909172e-01 8.727272727272726849e-01
2.777777777777777901e-01 5.925925925925925597e-01 6.481481481481481399e-01 8.518518518518518601e-01
3.333333333333333148e-01 6.481481481481481399e-01 7.037037037037037202e-01 8.333333333333333703e-01
2.452830188679245293e-01 5.849056603773584717e-01 6.603773584905660021e-01 8.301886792452830566e-01
2.830188679245282946e-01 6.415094339622641195e-01 7.169811320754716499e-01 8.301886792452830566e-01
3.461538461538461453e-01 6.346153846153845812e-01 7.692307692307692735e-01 8.653846153846154188e-01
2.999999999999999889e-01 5.799999999999999600e-01 7.199999999999999734e-01 8.199999999999999512e-01
2.708333333333333148e-01 6.250000000000000000e-01 6.875000000000000000e-01 8.333333333333333703e-01
1.276595744680850963e-01 4.255319148936170248e-01 5.319148936170212671e-01 8.085106382978722861e-01
2.553191489361701927e-01 4.255319148936170248e-01 6.170212765957446832e-01 7.872340425531915153e-01
3.404255319148936088e-01 5.531914893617021489e-01 6.808510638297872175e-01 9.148936170212765839e-01
4.680851063829787329e-01 6.382978723404255650e-01 7.446808510638297518e-01 8.510638297872340496e-01
2.888888888888888618e-01 5.333333333333333259e-01 7.111111111111111382e-01 8.888888888888888395e-01
3.555555555555555691e-01 6.666666666666666297e-01 8.000000000000000444e-01 8.888888888888888395e-01
1.818181818181818232e-01 5.000000000000000000e-01 6.590909090909090606e-01 7.500000000000000000e-01
2.727272727272727071e-01 5.000000000000000000e-01 6.136363636363636465e-01 7.954545454545454142e-01
3.414634146341463672e-01 5.853658536585365502e-01 7.073170731707316694e-01 8.536585365853658347e-01
4.146341463414633943e-01 7.073170731707316694e-01 7.804878048780488076e-01 9.024390243902439268e-01
2.926829268292682751e-01 5.853658536585365502e-01 6.585365853658536883e-01 8.048780487804878536e-01
4.000000000000000222e-01 6.250000000000000000e-01 7.750000000000000222e-01 8.499999999999999778e-01
1.538461538461538547e-01 4.358974358974359031e-01 5.897435897435897578e-01 7.692307692307692735e-01
2.368421052631578816e-01 5.000000000000000000e-01 6.578947368421053099e-01 7.631578947368421462e-01
2.105263157894736725e-01 5.000000000000000000e-01 6.842105263157894912e-01 8.157894736842105088e-01
3.611111111111111049e-01 5.833333333333333703e-01 8.055555555555555802e-01 9.722222222222222099e-01
3.714285714285714413e-01 6.571428571428571397e-01 7.428571428571428825e-01 8.857142857142856762e-01
2.285714285714285643e-01 4.571428571428571286e-01 6.857142857142857206e-01 8.000000000000000444e-01
2.571428571428571175e-01 4.857142857142857095e-01 6.571428571428571397e-01 8.857142857142856762e-01
3.714285714285714413e-01 5.714285714285713969e-01 8.000000000000000444e-01 8.857142857142856762e-01
2.285714285714285643e-01 6.285714285714285587e-01 7.428571428571428825e-01 8.857142857142856762e-01
3.714285714285714413e-01 6.571428571428571397e-01 8.285714285714286254e-01 8.857142857142856762e-01
3.714285714285714413e-01 5.999999999999999778e-01 7.142857142857143016e-01 8.285714285714286254e-01
3.714285714285714413e-01 6.285714285714285587e-01 8.285714285714286254e-01 8.857142857142856762e-01
4.285714285714285476e-01 6.285714285714285587e-01 7.428571428571428825e-01 9.142857142857142572e-01
3.428571428571428603e-01 5.428571428571428159e-01 7.714285714285714635e-01 8.857142857142856762e-01
2.285714285714285643e-01 5.999999999999999778e-01 7.142857142857143016e-01 8.857142857142856762e-01
3.823529411764705621e-01 6.470588235294117974e-01 7.352941176470588758e-01 8.529411764705882026e-01
2.941176470588235392e-01 6.470588235294117974e-01 7.941176470588234837e-01 8.529411764705882026e-01
2.500000000000000000e-01 5.937500000000000000e-01 6.875000000000000000e-01 7.812500000000000000e-01
2.812500000000000000e-01 5.312500000000000000e-01 5.937500000000000000e-01 7.812500000000000000e-01
2.666666666666666630e-01 5.333333333333333259e-01 6.999999999999999556e-01 8.333333333333333703e-01
1.785714285714285754e-01 4.642857142857143016e-01 6.071428571428570953e-01 7.857142857142856984e-01
2.592592592592592449e-01 4.814814814814814548e-01 7.777777777777777901e-01 8.888888888888888395e-01
2.592592592592592449e-01 4.814814814814814548e-01 4.814814814814814548e-01 7.407407407407406996e-01
2.222222222222222099e-01 4.444444444444444198e-01 5.555555555555555802e-01 8.888888888888888395e-01
2.222222222222222099e-01 4.444444444444444198e-01 7.777777777777777901e-01 8.888888888888888395e-01
2.692307692307692180e-01 3.846153846153846367e-01 6.923076923076922906e-01 8.076923076923077094e-01
2.692307692307692180e-01 5.769230769230768718e-01 5.769230769230768718e-01 8.461538461538461453e-01
3.846153846153846367e-01 6.538461538461538547e-01 7.692307692307692735e-01 9.615384615384615641e-01
3.200000000000000067e-01 4.799999999999999822e-01 5.999999999999999778e-01 8.399999999999999689e-01
2.083333333333333426e-01 3.750000000000000000e-01 5.416666666666666297e-01 7.083333333333333703e-01
3.478260869565217295e-01 6.086956521739130821e-01 7.391304347826086474e-01 7.826086956521739468e-01
2.727272727272727071e-01 5.454545454545454142e-01 6.818181818181817677e-01 8.181818181818182323e-01
2.857142857142856984e-01 5.238095238095238360e-01 7.142857142857143016e-01 9.047619047619047672e-01
3.333333333333333148e-01 5.238095238095238360e-01 6.666666666666666297e-01 8.571428571428570953e-01
1.499999999999999944e-01 4.000000000000000222e-01 5.999999999999999778e-01 8.499999999999999778e-01
2.500000000000000000e-01 4.000000000000000222e-01 6.500000000000000222e-01 6.999999999999999556e-01
5.000000000000000278e-02 3.499999999999999778e-01 5.000000000000000000e-01 6.500000000000000222e-01
2.000000000000000111e-01 4.500000000000000111e-01 5.999999999999999778e-01 8.499999999999999778e-01
2.500000000000000000e-01 5.999999999999999778e-01 6.500000000000000222e-01 8.499999999999999778e-01
4.000000000000000222e-01 5.500000000000000444e-01 6.999999999999999556e-01 9.000000000000000222e-01
1.578947368421052544e-01 5.789473684210526550e-01 7.368421052631578538e-01 8.421052631578946901e-01
3.125000000000000000e-01 5.625000000000000000e-01 7.500000000000000000e-01 1.000000000000000000e+00
2.000000000000000111e-01 4.000000000000000222e-01 6.666666666666666297e-01 8.666666666666666963e-01
1.333333333333333315e-01 4.666666666666666741e-01 4.666666666666666741e-01 6.666666666666666297e-01
3.333333333333333148e-01 4.666666666666666741e-01 5.333333333333333259e-01 7.333333333333332815e-01
2.000000000000000111e-01 4.666666666666666741e-01 5.999999999999999778e-01 8.666666666666666963e-01
3.333333333333333148e-01 5.333333333333333259e-01 5.333333333333333259e-01 5.999999999999999778e-01
3.333333333333333148e-01 5.333333333333333259e-01 5.999999999999999778e-01 8.000000000000000444e-01
1.428571428571428492e-01 4.285714285714285476e-01 5.000000000000000000e-01 7.142857142857143016e-01
1.428571428571428492e-01 2.857142857142856984e-01 4.285714285714285476e-01 5.714285714285713969e-01
1.538461538461538547e-01 5.384615384615384359e-01 7.692307692307692735e-01 7.692307692307692735e-01
1.666666666666666574e-01 5.000000000000000000e-01 5.833333333333333703e-01 7.500000000000000000e-01
3.333333333333333148e-01 4.166666666666666852e-01 7.500000000000000000e-01 8.333333333333333703e-01
3.333333333333333148e-01 4.166666666666666852e-01 6.666666666666666297e-01 8.333333333333333703e-01
8.333333333333332871e-02 3.333333333333333148e-01 4.166666666666666852e-01 6.666666666666666297e-01
8.333333333333332871e-02 5.000000000000000000e-01 5.833333333333333703e-01 9.166666666666666297e-01
2.500000000000000000e-01 4.166666666666666852e-01 5.833333333333333703e-01 8.333333333333333703e-01
1.666666666666666574e-01 4.166666666666666852e-01 4.166666666666666852e-01 7.500000000000000000e-01
2.500000000000000000e-01 5.000000000000000000e-01 6.666666666666666297e-01 7.500000000000000000e-01
1.666666666666666574e-01 3.333333333333333148e-01 3.333333333333333148e-01 5.000000000000000000e-01
1.666666666666666574e-01 5.000000000000000000e-01 7.500000000000000000e-01 9.166666666666666297e-01
1.666666666666666574e-01 1.666666666666666574e-01 3.333333333333333148e-01 5.833333333333333703e-01
1.818181818181818232e-01 3.636363636363636465e-01 3.636363636363636465e-01 6.363636363636363535e-01
1.818181818181818232e-01 4.545454545454545303e-01 4.545454545454545303e-01 6.363636363636363535e-01
3.636363636363636465e-01 6.363636363636363535e-01 7.272727272727272929e-01 8.181818181818182323e-01
1.818181818181818232e-01 3.636363636363636465e-01 6.363636363636363535e-01 8.181818181818182323e-01
9.090909090909091161e-02 2.727272727272727071e-01 4.545454545454545303e-01 7.272727272727272929e-01
2.727272727272727071e-01 3.636363636363636465e-01 5.454545454545454142e-01 8.181818181818182323e-01
1.111111111111111049e-01 2.222222222222222099e-01 4.444444444444444198e-01 1.000000000000000000e+00
0.000000000000000000e+00 5.555555555555555802e-01 6.666666666666666297e-01 7.777777777777777901e-01
0.000000000000000000e+00 3.333333333333333148e-01 4.444444444444444198e-01 8.888888888888888395e-01
3.333333333333333148e-01 4.444444444444444198e-01 6.666666666666666297e-01 8.888888888888888395e-01
2.222222222222222099e-01 4.444444444444444198e-01 7.777777777777777901e-01 1.000000000000000000e+00
1.111111111111111049e-01 2.222222222222222099e-01 4.444444444444444198e-01 7.777777777777777901e-01
0.000000000000000000e+00 3.333333333333333148e-01 5.555555555555555802e-01 8.888888888888888395e-01
1.111111111111111049e-01 2.222222222222222099e-01 5.555555555555555802e-01 7.777777777777777901e-01
1.111111111111111049e-01 4.444444444444444198e-01 5.555555555555555802e-01 7.777777777777777901e-01
3.333333333333333148e-01 5.555555555555555802e-01 6.666666666666666297e-01 7.777777777777777901e-01
3.333333333333333148e-01 4.444444444444444198e-01 4.444444444444444198e-01 7.777777777777777901e-01
5.000000000000000000e-01 7.500000000000000000e-01 7.500000000000000000e-01 8.750000000000000000e-01
2.500000000000000000e-01 6.250000000000000000e-01 7.500000000000000000e-01 1.000000000000000000e+00
3.750000000000000000e-01 5.000000000000000000e-01 6.250000000000000000e-01 7.500000000000000000e-01
4.285714285714285476e-01 5.714285714285713969e-01 8.571428571428570953e-01 8.571428571428570953e-01
3.333333333333333148e-01 3.333333333333333148e-01 5.000000000000000000e-01 6.666666666666666297e-01
1.666666666666666574e-01 3.333333333333333148e-01 5.000000000000000000e-01 8.333333333333333703e-01
0.000000000000000000e+00 3.333333333333333148e-01 5.000000000000000000e-01 8.333333333333333703e-01
3.333333333333333148e-01 6.666666666666666297e-01 6.666666666666666297e-01 6.666666666666666297e-01
3.333333333333333148e-01 5.000000000000000000e-01 6.666666666666666297e-01 6.666666666666666297e-01
2.000000000000000111e-01 4.000000000000000222e-01 4.000000000000000222e-01 5.999999999999999778e-01
0.000000000000000000e+00 0.000000000000000000e+00 4.000000000000000222e-01 4.000000000000000222e-01
0.000000000000000000e+00 2.000000000000000111e-01 8.000000000000000444e-01 8.000000000000000444e-01
4.000000000000000222e-01 5.999999999999999778e-01 5.999999999999999778e-01 5.999999999999999778e-01
4.000000000000000222e-01 5.999999999999999778e-01 5.999999999999999778e-01 5.999999999999999778e-01
2.000000000000000111e-01 4.000000000000000222e-01 4.000000000000000222e-01 8.000000000000000444e-01
2.000000000000000111e-01 8.000000000000000444e-01 8.000000000000000444e-01 8.000000000000000444e-01
4.000000000000000222e-01 8.000000000000000444e-01 8.000000000000000444e-01 8.000000000000000444e-01
2.500000000000000000e-01 7.500000000000000000e-01 1.000000000000000000e+00 1.000000000000000000e+00
2.500000000000000000e-01 5.000000000000000000e-01 5.000000000000000000e-01 5.000000000000000000e-01
2.500000000000000000e-01 5.000000000000000000e-01 5.000000000000000000e-01 5.000000000000000000e-01
2.500000000000000000e-01 2.500000000000000000e-01 5.000000000000000000e-01 5.000000000000000000e-01
2.500000000000000000e-01 5.000000000000000000e-01 7.500000000000000000e-01 7.500000000000000000e-01
5.000000000000000000e-01 5.000000000000000000e-01 5.000000000000000000e-01 1.000000000000000000e+00
0.000000000000000000e+00 2.500000000000000000e-01 5.000000000000000000e-01 1.000000000000000000e+00
0.000000000000000000e+00 2.500000000000000000e-01 5.000000000000000000e-01 7.500000000000000000e-01
5.000000000000000000e-01 5.000000000000000000e-01 5.000000000000000000e-01 1.000000000000000000e+00
5.000000000000000000e-01 5.000000000000000000e-01 1.000000000000000000e+00 1.000000000000000000e+00
2.500000000000000000e-01 7.500000000000000000e-01 7.500000000000000000e-01 7.500000000000000000e-01
2.500000000000000000e-01 2.500000000000000000e-01 5.000000000000000000e-01 1.000000000000000000e+00
0.000000000000000000e+00 7.500000000000000000e-01 7.500000000000000000e-01 1.000000000000000000e+00
0.000000000000000000e+00 5.000000000000000000e-01 7.500000000000000000e-01 7.500000000000000000e-01
0.000000000000000000e+00 2.500000000000000000e-01 5.000000000000000000e-01 7.500000000000000000e-01
0.000000000000000000e+00 3.333333333333333148e-01 6.666666666666666297e-01 1.000000000000000000e+00
0.000000000000000000e+00 3.333333333333333148e-01 3.333333333333333148e-01 1.000000000000000000e+00
0.000000000000000000e+00 3.333333333333333148e-01 6.666666666666666297e-01 1.000000000000000000e+00
3.333333333333333148e-01 6.666666666666666297e-01 6.666666666666666297e-01 6.666666666666666297e-01
3.333333333333333148e-01 3.333333333333333148e-01 3.333333333333333148e-01 1.000000000000000000e+00
0.000000000000000000e+00 3.333333333333333148e-01 6.666666666666666297e-01 1.000000000000000000e+00
3.333333333333333148e-01 3.333333333333333148e-01 6.666666666666666297e-01 6.666666666666666297e-01
0.000000000000000000e+00 6.666666666666666297e-01 1.000000000000000000e+00 1.000000000000000000e+00
0.000000000000000000e+00 0.000000000000000000e+00 0.000000000000000000e+00 6.666666666666666297e-01
3.333333333333333148e-01 1.000000000000000000e+00 1.000000000000000000e+00 1.000000000000000000e+00
3.333333333333333148e-01 3.333333333333333148e-01 6.666666666666666297e-01 1.000000000000000000e+00
3.333333333333333148e-01 6.666666666666666297e-01 6.666666666666666297e-01 6.666666666666666297e-01
6.666666666666666297e-01 6.666666666666666297e-01 1.000000000000000000e+00 1.000000000000000000e+00
0.000000000000000000e+00 0.000000000000000000e+00 0.000000000000000000e+00 0.000000000000000000e+00
6.666666666666666297e-01 6.666666666666666297e-01 1.000000000000000000e+00 1.000000000000000000e+00
6.666666666666666297e-01 1.000000000000000000e+00 1.000000000000000000e+00 1.000000000000000000e+00
3.333333333333333148e-01 3.333333333333333148e-01 1.000000000000000000e+00 1.000000000000000000e+00
0.000000000000000000e+00 3.333333333333333148e-01 6.666666666666666297e-01 6.666666666666666297e-01
0.000000000000000000e+00 3.333333333333333148e-01 6.666666666666666297e-01 6.666666666666666297e-01
3.333333333333333148e-01 3.333333333333333148e-01 3.333333333333333148e-01 1.000000000000000000e+00
1.000000000000000000e+00 1.000000000000000000e+00 1.000000000000000000e+00 1.000000000000000000e+00
0.000000000000000000e+00 0.000000000000000000e+00 0.000000000000000000e+00 6.666666666666666297e-01
0.000000000000000000e+00 0.000000000000000000e+00 1.000000000000000000e+00 1.000000000000000000e+00
0.000000000000000000e+00 0.000000000000000000e+00 6.666666666666666297e-01 6.666666666666666297e-01
0.000000000000000000e+00 0.000000000000000000e+00 3.333333333333333148e-01 1.000000000000000000e+00
0.000000000000000000e+00 6.666666666666666297e-01 1.000000000000000000e+00 1.000000000000000000e+00
3.333333333333333148e-01 3.333333333333333148e-01 3.333333333333333148e-01 6.666666666666666297e-01
3.333333333333333148e-01 3.333333333333333148e-01 3.333333333333333148e-01 6.666666666666666297e-01
3.333333333333333148e-01 6.666666666666666297e-01 1.000000000000000000e+00 1.000000000000000000e+00
0.000000000000000000e+00 3.333333333333333148e-01 6.666666666666666297e-01 1.000000000000000000e+00
6.666666666666666297e-01 1.000000000000000000e+00 1.000000000000000000e+00 1.000000000000000000e+00
0.000000000000000000e+00 6.666666666666666297e-01 6.666666666666666297e-01 6.666666666666666297e-01
0.000000000000000000e+00 0.000000000000000000e+00 0.000000000000000000e+00 6.666666666666666297e-01
6.666666666666666297e-01 6.666666666666666297e-01 6.666666666666666297e-01 1.000000000000000000e+00
3.333333333333333148e-01 3.333333333333333148e-01 6.666666666666666297e-01 6.666666666666666297e-01
0.000000000000000000e+00 3.333333333333333148e-01 3.333333333333333148e-01 6.666666666666666297e-01
0.000000000000000000e+00 3.333333333333333148e-01 3.333333333333333148e-01 1.000000000000000000e+00
0.000000000000000000e+00 6.666666666666666297e-01 6.666666666666666297e-01 6.666666666666666297e-01
3.333333333333333148e-01 6.666666666666666297e-01 1.000000000000000000e+00 1.000000000000000000e+00
6.666666666666666297e-01 6.666666666666666297e-01 6.666666666666666297e-01 1.000000000000000000e+00
3.333333333333333148e-01 3.333333333333333148e-01 6.666666666666666297e-01 6.666666666666666297e-01
0.000000000000000000e+00 5.000000000000000000e-01 5.000000000000000000e-01 5.000000000000000000e-01
0.000000000000000000e+00 1.000000000000000000e+00 1.000000000000000000e+00 1.000000000000000000e+00
5.000000000000000000e-01 5.000000000000000000e-01 5.000000000000000000e-01 1.000000000000000000e+00
0.000000000000000000e+00 5.000000000000000000e-01 5.000000000000000000e-01 5.000000000000000000e-01
1.000000000000000000e+00 1.000000000000000000e+00 1.000000000000000000e+00 1.000000000000000000e+00
5.000000000000000000e-01 5.000000000000000000e-01 5.000000000000000000e-01 1.000000000000000000e+00
0.000000000000000000e+00 1.000000000000000000e+00 1.000000000000000000e+00 1.000000000000000000e+00
5.000000000000000000e-01 5.000000000000000000e-01 1.000000000000000000e+00 1.000000000000000000e+00
5.000000000000000000e-01 5.000000000000000000e-01 5.000000000000000000e-01 1.000000000000000000e+00
5.000000000000000000e-01 5.000000000000000000e-01 1.000000000000000000e+00 1.000000000000000000e+00
0.000000000000000000e+00 1.000000000000000000e+00 1.000000000000000000e+00 1.000000000000000000e+00
5.000000000000000000e-01 5.000000000000000000e-01 5.000000000000000000e-01 5.000000000000000000e-01
0.000000000000000000e+00 0.000000000000000000e+00 0.000000000000000000e+00 5.000000000000000000e-01
0.000000000000000000e+00 0.000000000000000000e+00 0.000000000000000000e+00 1.000000000000000000e+00
5.000000000000000000e-01 5.000000000000000000e-01 5.000000000000000000e-01 1.000000000000000000e+00
5.000000000000000000e-01 1.000000000000000000e+00 1.000000000000000000e+00 1.000000000000000000e+00
0.000000000000000000e+00 0.000000000000000000e+00 0.000000000000000000e+00 1.000000000000000000e+00
5.000000000000000000e-01 1.000000000000000000e+00 1.000000000000000000e+00 1.000000000000000000e+00
5.000000000000000000e-01 1.000000000000000000e+00 1.000000000000000000e+00 1.000000000000000000e+00
5.000000000000000000e-01 5.000000000000000000e-01 5.000000000000000000e-01 5.000000000000000000e-01
0.000000000000000000e+00 5.000000000000000000e-01 1.000000000000000000e+00 1.000000000000000000e+00
0.000000000000000000e+00 5.000000000000000000e-01 5.000000000000000000e-01 1.000000000000000000e+00
0.000000000000000000e+00 5.000000000000000000e-01 1.000000000000000000e+00 1.000000000000000000e+00
5.000000000000000000e-01 1.000000000000000000e+00 1.000000000000000000e+00 1.000000000000000000e+00
0.000000000000000000e+00 0.000000000000000000e+00 5.000000000000000000e-01 1.000000000000000000e+00
0.000000000000000000e+00 0.000000000000000000e+00 5.000000000000000000e-01 1.000000000000000000e+00
0.000000000000000000e+00 1.000000000000000000e+00 1.000000000000000000e+00 1.000000000000000000e+00
0.000000000000000000e+00 1.000000000000000000e+00 1.000000000000000000e+00 1.000000000000000000e+00
0.000000000000000000e+00 0.000000000000000000e+00 5.000000000000000000e-01 1.000000000000000000e+00
0.000000000000000000e+00 0.000000000000000000e+00 0.000000000000000000e+00 5.000000000000000000e-01
5.000000000000000000e-01 5.000000000000000000e-01 5.000000000000000000e-01 1.000000000000000000e+00
0.000000000000000000e+00 5.000000000000000000e-01 5.000000000000000000e-01 5.000000000000000000e-01
0.000000000000000000e+00 5.000000000000000000e-01 5.000000000000000000e-01 1.000000000000000000e+00
5.000000000000000000e-01 5.000000000000000000e-01 5.000000000000000000e-01 1.000000000000000000e+00
0.000000000000000000e+00 0.000000000000000000e+00 0.000000000000000000e+00 1.000000000000000000e+00
0.000000000000000000e+00 1.000000000000000000e+00 1.000000000000000000e+00 1.000000000000000000e+00
0.000000000000000000e+00 5.000000000000000000e-01 5.000000000000000000e-01 5.000000000000000000e-01
0.000000000000000000e+00 0.000000000000000000e+00 5.000000000000000000e-01 5.000000000000000000e-01
0.000000000000000000e+00 0.000000000000000000e+00 0.000000000000000000e+00 5.000000000000000000e-01
0.000000000000000000e+00 1.000000000000000000e+00 1.000000000000000000e+00 1.000000000000000000e+00
0.000000000000000000e+00 5.000000000000000000e-01 5.000000000000000000e-01 5.000000000000000000e-01
5.000000000000000000e-01 5.000000000000000000e-01 5.000000000000000000e-01 5.000000000000000000e-01
0.000000000000000000e+00 0.000000000000000000e+00 0.000000000000000000e+00 1.000000000000000000e+00
1.000000000000000000e+00 1.000000000000000000e+00 1.000000000000000000e+00 1.000000000000000000e+00
0.000000000000000000e+00 1.000000000000000000e+00 1.000000000000000000e+00 1.000000000000000000e+00
0.000000000000000000e+00 0.000000000000000000e+00 0.000000000000000000e+00 0.000000000000000000e+00
0.000000000000000000e+00 1.000000000000000000e+00 1.000000000000000000e+00 1.000000000000000000e+00
0.000000000000000000e+00 1.000000000000000000e+00 1.000000000000000000e+00 1.000000000000000000e+00
0.000000000000000000e+00 0.000000000000000000e+00 0.000000000000000000e+00 0.000000000000000000e+00
